[name]
778452

[dist]
# distance from previous block
# <min> <max>
0	92

[block]
# block no. 0 follows, 11 sequences, length 35
# corresponding to MSA columns:
# 92-126
name=unknown_A
#
# <colnr> <probs for GDERKNQSTAVLIFYWHMCP>
#	G	D	E	R	K	N	Q	S	T	A	V	L	I	F	Y	W	H	M	C	P
0	0.01697	0.01274	0.01533	0.01493	0.01588	0.01351	0.01028	0.01846	0.01968	0.02626	0.08046	0.07834	0.11552	0.36705	0.04209	0.00822	0.07424	0.05386	0.00781	0.00839
1	0.03435	0.03295	0.03417	0.12571	0.09742	0.15401	0.02472	0.18038	0.06829	0.04357	0.02297	0.02686	0.01782	0.01305	0.01366	0.00352	0.07370	0.00958	0.00764	0.01564
2	0.02062	0.01432	0.01602	0.01493	0.01652	0.01483	0.00965	0.09823	0.02310	0.03086	0.03658	0.11605	0.04043	0.44891	0.04531	0.00902	0.01074	0.01681	0.00793	0.00914
3	0.03013	0.03174	0.04567	0.05981	0.39552	0.11776	0.08402	0.03649	0.02680	0.03512	0.02071	0.02685	0.01718	0.01024	0.01121	0.00332	0.01518	0.00992	0.00562	0.01671
4	0.24212	0.06824	0.07394	0.07390	0.15280	0.02825	0.02338	0.08096	0.08054	0.04427	0.02216	0.02539	0.01724	0.01121	0.00953	0.00343	0.01155	0.00864	0.00707	0.01538
5	0.10562	0.02335	0.03106	0.03427	0.18517	0.02212	0.02117	0.08366	0.02811	0.12517	0.02463	0.02703	0.01863	0.01056	0.00985	0.00287	0.01057	0.00877	0.00803	0.21936
6	0.01741	0.01305	0.01549	0.01429	0.01795	0.01217	0.01083	0.02449	0.06975	0.04194	0.34203	0.07706	0.15992	0.02148	0.01234	0.00340	0.00588	0.01855	0.06539	0.05659
7	0.18982	0.02835	0.06848	0.02992	0.07563	0.02923	0.07502	0.14875	0.02975	0.08192	0.02189	0.02551	0.01663	0.01298	0.01501	0.00374	0.11470	0.00942	0.00774	0.01552
8	0.03828	0.06357	0.02959	0.02162	0.02875	0.02701	0.01795	0.24656	0.03827	0.16340	0.03094	0.03145	0.02219	0.01374	0.01232	0.00331	0.05357	0.01016	0.13056	0.01673
9	0.01983	0.01208	0.01517	0.01488	0.01808	0.01075	0.01095	0.02325	0.02690	0.11210	0.19406	0.25581	0.18889	0.02711	0.01335	0.00394	0.00647	0.02374	0.01149	0.01115
10	0.02667	0.02296	0.03646	0.11254	0.15709	0.02379	0.10307	0.11361	0.03103	0.04361	0.10709	0.03922	0.03325	0.01320	0.01152	0.00343	0.01214	0.01234	0.08212	0.01487
11	0.01691	0.01072	0.01268	0.01268	0.01268	0.01072	0.00732	0.01608	0.01608	0.02144	0.03275	0.06693	0.03727	0.50802	0.05502	0.12376	0.01072	0.01524	0.00649	0.00649
12	0.04279	0.03153	0.03378	0.02590	0.03490	0.03490	0.02139	0.49671	0.05292	0.07093	0.02702	0.02702	0.01914	0.01351	0.01126	0.00338	0.01239	0.01013	0.01126	0.01914
13	0.02334	0.02001	0.02334	0.01667	0.02667	0.01500	0.01334	0.02834	0.02334	0.03668	0.02001	0.02334	0.01667	0.00834	0.00834	0.00167	0.00834	0.00667	0.00667	0.67325
14	0.03430	0.41605	0.04978	0.02233	0.03094	0.17230	0.02009	0.08105	0.02802	0.03102	0.01718	0.01948	0.01491	0.01049	0.00834	0.00262	0.01414	0.00672	0.00568	0.01455
15	0.57591	0.02132	0.01818	0.01569	0.02295	0.02376	0.01293	0.03680	0.02138	0.13433	0.02057	0.02170	0.01486	0.01104	0.00771	0.00348	0.00886	0.00699	0.00815	0.01338
16	0.02957	0.02611	0.03628	0.21456	0.16290	0.07658	0.05892	0.04037	0.10931	0.09190	0.02736	0.03158	0.02049	0.01187	0.01130	0.00356	0.01376	0.01058	0.00736	0.01561
17	0.01872	0.01551	0.02298	0.11805	0.08150	0.01768	0.01778	0.02214	0.01963	0.02709	0.03215	0.12905	0.03373	0.18061	0.15118	0.00902	0.07071	0.01537	0.00657	0.01055
18	0.01522	0.01119	0.01244	0.01229	0.01408	0.01037	0.00808	0.01712	0.02227	0.02882	0.14713	0.08762	0.22386	0.30282	0.03432	0.00715	0.00812	0.01964	0.00905	0.00841
19	0.04692	0.01836	0.02497	0.01942	0.02750	0.01593	0.01593	0.05137	0.03218	0.49060	0.09449	0.04305	0.03597	0.01487	0.01152	0.00349	0.00914	0.01225	0.01377	0.01827
20	0.01488	0.01133	0.01368	0.01338	0.01624	0.01013	0.00992	0.01911	0.02897	0.03893	0.35348	0.13424	0.24310	0.02583	0.01337	0.00371	0.00554	0.02243	0.01159	0.01013
21	0.14449	0.02038	0.02234	0.01873	0.02556	0.02131	0.01506	0.08443	0.14904	0.21380	0.03722	0.03557	0.02630	0.01351	0.01004	0.00341	0.00876	0.01056	0.12331	0.01619
22	0.02094	0.01774	0.02512	0.11915	0.08384	0.01981	0.01933	0.06247	0.02697	0.03704	0.16177	0.14968	0.08517	0.02099	0.01612	0.00394	0.09135	0.01751	0.00878	0.01229
23	0.44196	0.03199	0.15666	0.02286	0.03278	0.02584	0.07384	0.03407	0.02116	0.04510	0.01762	0.02104	0.01327	0.01040	0.00862	0.00354	0.01188	0.00747	0.00626	0.01365
24	0.03146	0.03531	0.03655	0.17678	0.18965	0.23281	0.02803	0.03657	0.02664	0.03048	0.01894	0.02522	0.01561	0.01167	0.01273	0.00339	0.05952	0.00893	0.00547	0.01424
25	0.02071	0.11701	0.02702	0.02235	0.07042	0.02089	0.01596	0.02671	0.06514	0.03349	0.13323	0.13648	0.10079	0.06930	0.01743	0.00435	0.04764	0.05029	0.00878	0.01203
26	0.01870	0.01185	0.01534	0.01488	0.01777	0.01075	0.01099	0.02282	0.02869	0.09101	0.32051	0.21134	0.13079	0.02570	0.01335	0.00382	0.00610	0.02269	0.01187	0.01102
27	0.02412	0.03500	0.18010	0.04003	0.05152	0.02571	0.32626	0.03366	0.02530	0.03513	0.02655	0.09253	0.02283	0.01269	0.01276	0.00382	0.01699	0.01415	0.00599	0.01486
28	0.01467	0.01155	0.01302	0.01308	0.01618	0.01024	0.00988	0.01810	0.02636	0.03347	0.19858	0.10169	0.34188	0.07553	0.01720	0.00448	0.00653	0.06734	0.01059	0.00963
29	0.01970	0.01267	0.01813	0.01729	0.01750	0.01456	0.01242	0.01754	0.01565	0.02177	0.02162	0.03805	0.02203	0.10414	0.09768	0.41642	0.10992	0.01077	0.00523	0.00691
30	0.02653	0.03035	0.11996	0.11254	0.16936	0.06498	0.02754	0.06362	0.02595	0.03702	0.02313	0.02907	0.01836	0.01223	0.01309	0.00344	0.07218	0.00960	0.12635	0.01470
31	0.03583	0.02013	0.02356	0.01958	0.02583	0.02061	0.01527	0.10883	0.15407	0.22739	0.04029	0.04396	0.03060	0.11487	0.01894	0.00476	0.00972	0.01231	0.05733	0.01610
32	0.13601	0.02031	0.02218	0.01635	0.02584	0.01675	0.01314	0.02915	0.02263	0.03903	0.01927	0.02248	0.01591	0.00870	0.00810	0.00198	0.00840	0.00657	0.00672	0.56050
33	0.36241	0.07292	0.02858	0.02690	0.11254	0.02894	0.01856	0.11484	0.06092	0.04945	0.02066	0.02305	0.01608	0.01117	0.00875	0.00338	0.01042	0.00792	0.00760	0.01492
34	0.02620	0.02646	0.08681	0.02810	0.08119	0.02560	0.02195	0.11019	0.07420	0.03988	0.06657	0.03854	0.02893	0.09678	0.02336	0.00473	0.14094	0.01157	0.00768	0.06033

[dist]
# distance from previous block
# <min> <max>
0	13

[block]
# block no. 1 follows, 11 sequences, length 25
# corresponding to MSA columns:
# 140-164
name=unknown_B
#
# <colnr> <probs for GDERKNQSTAVLIFYWHMCP>
#	G	D	E	R	K	N	Q	S	T	A	V	L	I	F	Y	W	H	M	C	P
0	0.07939	0.14841	0.03533	0.14337	0.08554	0.08937	0.02197	0.03863	0.13050	0.03583	0.06360	0.03207	0.02613	0.01256	0.01014	0.00331	0.01227	0.00994	0.00723	0.01444
1	0.07648	0.02094	0.03354	0.36687	0.17609	0.02419	0.02883	0.02945	0.02289	0.03243	0.02324	0.07327	0.02013	0.01279	0.01112	0.00370	0.01343	0.01142	0.00573	0.01347
2	0.02571	0.04282	0.32872	0.03194	0.04502	0.02381	0.12977	0.03620	0.02619	0.09224	0.08099	0.03357	0.02676	0.01219	0.01160	0.00360	0.01507	0.01105	0.00682	0.01592
3	0.01646	0.01155	0.01492	0.01515	0.01632	0.01201	0.01065	0.01880	0.01972	0.02704	0.09089	0.07313	0.04743	0.32495	0.18777	0.01141	0.01561	0.06999	0.00764	0.00857
4	0.03949	0.03147	0.02565	0.02244	0.02818	0.23845	0.01702	0.04254	0.02929	0.22083	0.03431	0.09569	0.02880	0.07586	0.01588	0.00412	0.01379	0.01243	0.00947	0.01428
5	0.02587	0.01993	0.02360	0.01698	0.02687	0.01515	0.01364	0.03081	0.02417	0.08376	0.02228	0.02473	0.01771	0.00886	0.00861	0.00184	0.00845	0.00710	0.00735	0.61231
6	0.01659	0.01116	0.01300	0.01332	0.01363	0.01116	0.00821	0.01722	0.01754	0.02328	0.03843	0.08021	0.04385	0.53392	0.05215	0.01021	0.01084	0.07075	0.00726	0.00726
7	0.02284	0.02354	0.08442	0.02380	0.02980	0.02106	0.07661	0.08214	0.06863	0.04420	0.26355	0.05503	0.06035	0.01798	0.01505	0.00372	0.06863	0.01534	0.00976	0.01354
8	0.01642	0.01346	0.02048	0.21708	0.03827	0.01483	0.01791	0.02036	0.02189	0.02874	0.04696	0.39377	0.05313	0.02665	0.01325	0.00428	0.00957	0.02411	0.00849	0.01035
9	0.02322	0.07462	0.02906	0.06749	0.02932	0.02576	0.01913	0.07780	0.02506	0.03449	0.08730	0.09853	0.07579	0.02517	0.06350	0.00517	0.20433	0.01430	0.00757	0.01238
10	0.02243	0.02120	0.03587	0.48723	0.15853	0.02531	0.03184	0.02978	0.02306	0.03018	0.02021	0.02963	0.01550	0.01104	0.01123	0.00368	0.01471	0.01001	0.00510	0.01345
11	0.02587	0.02588	0.06889	0.07020	0.03599	0.02615	0.05765	0.05020	0.35572	0.04366	0.08139	0.04230	0.03603	0.01480	0.01168	0.00377	0.01049	0.01286	0.01003	0.01646
12	0.01980	0.01340	0.01847	0.01753	0.01934	0.01510	0.01305	0.02253	0.01870	0.06838	0.03159	0.05069	0.03072	0.22574	0.32099	0.01362	0.07039	0.01307	0.00683	0.01006
13	0.16106	0.01909	0.02274	0.02298	0.08094	0.01913	0.01563	0.03644	0.08694	0.13827	0.07500	0.08491	0.03487	0.06992	0.01483	0.00411	0.00913	0.01274	0.00944	0.08181
14	0.45683	0.02496	0.02396	0.02047	0.02713	0.08227	0.07223	0.03277	0.02173	0.04374	0.02199	0.08561	0.02010	0.01327	0.00893	0.00358	0.01099	0.01004	0.00708	0.01231
15	0.08124	0.02235	0.02659	0.02221	0.02604	0.02663	0.01795	0.13114	0.02661	0.04096	0.02289	0.03168	0.02012	0.07565	0.02461	0.00449	0.22587	0.01006	0.08830	0.07462
16	0.02733	0.08496	0.03015	0.02249	0.02575	0.02691	0.01834	0.08110	0.02341	0.08377	0.02497	0.03661	0.02288	0.12473	0.10635	0.00721	0.22220	0.01102	0.00703	0.01278
17	0.03344	0.42924	0.05315	0.02258	0.03219	0.03910	0.06002	0.09303	0.02784	0.08564	0.02061	0.02229	0.01662	0.01054	0.00866	0.00276	0.01242	0.00769	0.00662	0.01557
18	0.09670	0.23089	0.12806	0.02779	0.08761	0.03368	0.02403	0.09081	0.10642	0.04003	0.02324	0.02505	0.01833	0.01130	0.00937	0.00316	0.01216	0.00842	0.00692	0.01604
19	0.01696	0.01311	0.01569	0.01511	0.01827	0.01275	0.01128	0.02526	0.09857	0.04105	0.33592	0.14035	0.16441	0.02423	0.01314	0.00374	0.00603	0.02116	0.01171	0.01129
20	0.02385	0.02082	0.02750	0.02755	0.08493	0.02232	0.05497	0.04242	0.26935	0.04242	0.13347	0.11563	0.04949	0.01813	0.01226	0.00380	0.00924	0.01626	0.01038	0.01520
21	0.03525	0.09781	0.03009	0.02128	0.02811	0.07202	0.01737	0.20012	0.09027	0.09906	0.02950	0.03093	0.02221	0.01515	0.01289	0.05796	0.01109	0.00982	0.10355	0.01550
22	0.01393	0.01091	0.01223	0.01289	0.01534	0.00963	0.00906	0.01644	0.02405	0.03020	0.12371	0.23845	0.32042	0.08901	0.01811	0.00472	0.00643	0.02502	0.01023	0.00921
23	0.03130	0.29016	0.13776	0.02222	0.03191	0.07690	0.02233	0.03928	0.06724	0.09469	0.02442	0.02573	0.01890	0.01128	0.00904	0.00294	0.01250	0.00813	0.05798	0.01530
24	0.01955	0.00978	0.01466	0.01466	0.01466	0.00978	0.00978	0.01466	0.01466	0.01955	0.01955	0.03421	0.01955	0.03910	0.04399	0.67253	0.00978	0.00978	0.00489	0.00489

[dist]
# distance from previous block
# <min> <max>
0	5

[block]
# block no. 2 follows, 11 sequences, length 18
# corresponding to MSA columns:
# 170-187
name=unknown_C
#
# <colnr> <probs for GDERKNQSTAVLIFYWHMCP>
#	G	D	E	R	K	N	Q	S	T	A	V	L	I	F	Y	W	H	M	C	P
0	0.01613	0.01076	0.01327	0.01396	0.01477	0.01093	0.00913	0.01791	0.01884	0.02663	0.04176	0.20420	0.04632	0.29937	0.12531	0.00952	0.01237	0.01914	0.08130	0.00839
1	0.01428	0.01043	0.01250	0.01388	0.01507	0.00966	0.00913	0.01595	0.02119	0.02740	0.06711	0.35850	0.16802	0.17428	0.02473	0.00596	0.00743	0.02629	0.00955	0.00865
2	0.02160	0.01247	0.01585	0.01523	0.01871	0.01109	0.01131	0.02511	0.02728	0.13658	0.19173	0.24500	0.17165	0.02631	0.01324	0.00392	0.00664	0.02301	0.01166	0.01162
3	0.02916	0.01960	0.02244	0.01922	0.02510	0.02035	0.01516	0.10931	0.17874	0.13257	0.17821	0.05791	0.10719	0.01835	0.01210	0.00362	0.00822	0.01539	0.01198	0.01538
4	0.38150	0.02337	0.02221	0.01868	0.02614	0.02598	0.01524	0.11720	0.10360	0.12659	0.02652	0.02640	0.01912	0.01222	0.00902	0.00352	0.00948	0.00857	0.00941	0.01525
5	0.13290	0.02415	0.02465	0.01990	0.02681	0.02659	0.01621	0.29490	0.03961	0.05972	0.02804	0.02991	0.02083	0.01294	0.00966	0.00318	0.00983	0.00963	0.19487	0.01567
6	0.02519	0.02955	0.11741	0.20818	0.33139	0.02616	0.03466	0.03306	0.02446	0.03432	0.02069	0.02785	0.01649	0.01048	0.01111	0.00349	0.01433	0.00976	0.00529	0.01613
7	0.03009	0.61122	0.05898	0.01926	0.02889	0.04454	0.01926	0.03370	0.02287	0.02648	0.01565	0.01805	0.01444	0.00963	0.00722	0.00241	0.01204	0.00602	0.00481	0.01444
8	0.01962	0.01501	0.02008	0.10247	0.02985	0.01578	0.01719	0.07576	0.02710	0.03538	0.05533	0.25038	0.09488	0.02720	0.01384	0.00444	0.00966	0.16511	0.00970	0.01123
9	0.03282	0.02406	0.02651	0.02224	0.02908	0.02644	0.01771	0.18761	0.25517	0.10027	0.11234	0.04337	0.03987	0.01577	0.01165	0.00361	0.00950	0.01294	0.01177	0.01727
10	0.03643	0.01934	0.02381	0.01990	0.02650	0.01910	0.01581	0.08317	0.14232	0.27320	0.11747	0.09288	0.04438	0.01739	0.01190	0.00365	0.00875	0.01467	0.01262	0.01671
11	0.02235	0.02018	0.03396	0.41536	0.15968	0.02365	0.02950	0.02831	0.02224	0.02929	0.02018	0.03006	0.01606	0.01412	0.01488	0.07829	0.01410	0.00998	0.00510	0.01269
12	0.01432	0.01103	0.01309	0.01344	0.01605	0.00980	0.00975	0.01780	0.02677	0.03509	0.24465	0.22403	0.26704	0.02831	0.01356	0.00391	0.00578	0.02467	0.01112	0.00980
13	0.01642	0.01106	0.01467	0.01466	0.01586	0.01120	0.01013	0.01816	0.02105	0.02921	0.16522	0.10888	0.05529	0.20842	0.14853	0.10472	0.01304	0.01688	0.00816	0.00845
14	0.20546	0.02345	0.02402	0.01963	0.02714	0.02521	0.01592	0.17239	0.10849	0.11068	0.02930	0.02946	0.02140	0.01256	0.00961	0.00327	0.00954	0.00936	0.07124	0.07187
15	0.02380	0.01312	0.01654	0.01526	0.01939	0.01156	0.01157	0.02749	0.02812	0.16774	0.19181	0.18569	0.19419	0.02468	0.01300	0.00381	0.00679	0.02134	0.01186	0.01224
16	0.03061	0.15813	0.13959	0.08818	0.15765	0.17747	0.02895	0.03692	0.02615	0.03117	0.01871	0.02319	0.01527	0.01062	0.01000	0.00311	0.01580	0.00811	0.00527	0.01509
17	0.02600	0.11050	0.03586	0.09408	0.16390	0.02507	0.02244	0.06718	0.02552	0.03580	0.02138	0.02716	0.01797	0.01850	0.07318	0.00448	0.01378	0.00871	0.00621	0.20228

[dist]
# distance from previous block
# <min> <max>
4	6

[block]
# block no. 3 follows, 11 sequences, length 23
# corresponding to MSA columns:
# 195-217
name=unknown_D
#
# <colnr> <probs for GDERKNQSTAVLIFYWHMCP>
#	G	D	E	R	K	N	Q	S	T	A	V	L	I	F	Y	W	H	M	C	P
0	0.02659	0.02510	0.08856	0.07884	0.10724	0.02201	0.06019	0.08291	0.07010	0.08360	0.07666	0.04663	0.06853	0.09261	0.01779	0.00455	0.01194	0.01318	0.00839	0.01458
1	0.02429	0.01856	0.02180	0.01693	0.02507	0.01549	0.01344	0.03125	0.06755	0.08092	0.03769	0.03917	0.08811	0.01786	0.05113	0.00354	0.00979	0.01029	0.00819	0.41892
2	0.02330	0.01932	0.02451	0.02381	0.06513	0.02124	0.01689	0.06900	0.11012	0.03709	0.08289	0.04465	0.03479	0.11172	0.11124	0.00698	0.08910	0.01246	0.00810	0.08764
3	0.02710	0.02319	0.02643	0.02259	0.02883	0.06835	0.05435	0.04232	0.21766	0.07758	0.08182	0.12013	0.04034	0.01701	0.01164	0.00351	0.01006	0.01481	0.00997	0.10230
4	0.01455	0.01015	0.01281	0.01460	0.01505	0.00970	0.00931	0.01589	0.01992	0.02656	0.05368	0.43254	0.06390	0.21420	0.02786	0.00656	0.00791	0.02708	0.00931	0.00841
5	0.13809	0.02375	0.02362	0.01993	0.02634	0.06954	0.01581	0.16470	0.03339	0.15757	0.03434	0.11150	0.02863	0.01605	0.01057	0.00346	0.01025	0.01270	0.08467	0.01509
6	0.59895	0.02306	0.01883	0.01627	0.02351	0.02653	0.01341	0.09455	0.02363	0.05321	0.01718	0.01944	0.01311	0.01085	0.00753	0.00347	0.00919	0.00663	0.00753	0.01311
7	0.02740	0.02404	0.03358	0.02853	0.02946	0.03255	0.02376	0.03006	0.01884	0.08229	0.01795	0.02609	0.01618	0.01908	0.03419	0.00477	0.52229	0.01001	0.00589	0.01305
8	0.02397	0.02254	0.03685	0.36504	0.21985	0.02583	0.03112	0.03337	0.06709	0.03296	0.02267	0.03038	0.01763	0.01122	0.01124	0.00363	0.01394	0.01025	0.00576	0.01468
9	0.11932	0.38090	0.04524	0.02008	0.02860	0.09375	0.01827	0.03857	0.06633	0.06796	0.02047	0.02182	0.01681	0.01074	0.00816	0.00280	0.01204	0.00711	0.00642	0.01462
10	0.03425	0.01783	0.02327	0.01970	0.02565	0.01789	0.01580	0.07467	0.08105	0.25708	0.07817	0.04338	0.03435	0.03621	0.17827	0.00796	0.01562	0.01234	0.01094	0.01555
11	0.01440	0.01126	0.01305	0.01299	0.01598	0.00991	0.00959	0.01814	0.02768	0.03612	0.27409	0.15385	0.30859	0.02707	0.01341	0.00378	0.00564	0.02332	0.01123	0.00991
12	0.01571	0.01135	0.01520	0.01538	0.01758	0.01084	0.01155	0.02025	0.02814	0.03929	0.35317	0.18403	0.08962	0.03140	0.06080	0.00514	0.00814	0.06087	0.01128	0.01026
13	0.38731	0.02797	0.02224	0.01916	0.02631	0.13794	0.01533	0.04108	0.02516	0.16859	0.02323	0.02373	0.01661	0.01157	0.00874	0.00336	0.01142	0.00765	0.00846	0.01412
14	0.03249	0.01415	0.01740	0.01481	0.01993	0.01298	0.01173	0.03738	0.02806	0.24703	0.09542	0.04523	0.03719	0.01457	0.00989	0.00308	0.00703	0.01194	0.32564	0.01405
15	0.01826	0.01330	0.01986	0.01734	0.01885	0.01305	0.07182	0.01869	0.01743	0.02333	0.03110	0.06126	0.03415	0.43018	0.04921	0.12160	0.01179	0.01485	0.00634	0.00760
16	0.01637	0.01091	0.01228	0.01228	0.01228	0.01091	0.00682	0.01637	0.01637	0.02182	0.03546	0.07365	0.04092	0.60445	0.05729	0.01091	0.01091	0.01637	0.00682	0.00682
17	0.08315	0.03033	0.11661	0.02664	0.03610	0.02578	0.07330	0.19358	0.03544	0.14146	0.03212	0.04152	0.02526	0.01480	0.01165	0.00372	0.01273	0.06953	0.00965	0.01663
18	0.03261	0.02883	0.09252	0.03413	0.10332	0.02634	0.10266	0.12562	0.06604	0.12997	0.06498	0.03433	0.02670	0.01352	0.01398	0.00366	0.06366	0.01157	0.00887	0.01671
19	0.10297	0.31579	0.04237	0.02138	0.02963	0.19184	0.01857	0.03637	0.02520	0.03052	0.01666	0.01934	0.01447	0.01016	0.00819	0.00258	0.01371	0.00647	0.00555	0.08824
20	0.03499	0.02986	0.08060	0.03531	0.11063	0.02800	0.10677	0.22292	0.03743	0.10720	0.02953	0.03699	0.02295	0.01357	0.01191	0.00362	0.01354	0.04766	0.00916	0.01733
21	0.01973	0.02292	0.11401	0.02851	0.10343	0.01771	0.02208	0.02769	0.06355	0.03326	0.04249	0.20342	0.04406	0.03122	0.08553	0.00605	0.01338	0.09993	0.00819	0.01284
22	0.02789	0.21028	0.03775	0.02614	0.07308	0.07539	0.01985	0.04022	0.17623	0.03421	0.03085	0.09260	0.02776	0.01538	0.01257	0.00344	0.06196	0.01184	0.00768	0.01489

[dist]
# distance from previous block
# <min> <max>
0	12

[block]
# block no. 4 follows, 11 sequences, length 19
# corresponding to MSA columns:
# 230-248
name=unknown_E
#
# <colnr> <probs for GDERKNQSTAVLIFYWHMCP>
#	G	D	E	R	K	N	Q	S	T	A	V	L	I	F	Y	W	H	M	C	P
0	0.02199	0.01272	0.01615	0.01594	0.01953	0.01139	0.01220	0.02541	0.02636	0.13763	0.11478	0.24334	0.18824	0.02738	0.01350	0.00412	0.00732	0.07903	0.01134	0.01160
1	0.01829	0.01591	0.01793	0.01765	0.02003	0.06635	0.01330	0.02160	0.02021	0.02633	0.04023	0.05337	0.09243	0.12819	0.38013	0.01398	0.02391	0.01357	0.00666	0.00991
2	0.03107	0.02571	0.02718	0.02353	0.03044	0.02943	0.01856	0.15066	0.41804	0.05204	0.04190	0.03888	0.03119	0.01490	0.01141	0.00373	0.00963	0.01219	0.01141	0.01809
3	0.01449	0.01111	0.01328	0.01345	0.01611	0.00990	0.00981	0.01819	0.02740	0.03624	0.27703	0.19979	0.25732	0.02760	0.01351	0.00385	0.00571	0.02404	0.01126	0.00990
4	0.04086	0.02745	0.02994	0.02327	0.03143	0.02973	0.01912	0.38716	0.04686	0.11980	0.03020	0.03019	0.02136	0.01351	0.01083	0.00329	0.01116	0.01031	0.09549	0.01804
5	0.02555	0.02355	0.03913	0.23585	0.22235	0.02535	0.07562	0.07537	0.02790	0.03804	0.07603	0.03483	0.02639	0.01213	0.01164	0.00356	0.01355	0.01147	0.00666	0.01504
6	0.03134	0.42574	0.05070	0.09229	0.03626	0.09136	0.02124	0.07839	0.02657	0.03112	0.01746	0.02066	0.01497	0.01040	0.00841	0.00272	0.01326	0.00704	0.00555	0.01451
7	0.68395	0.02177	0.01654	0.01480	0.02177	0.02525	0.01219	0.03309	0.01915	0.05050	0.01567	0.01828	0.01219	0.01045	0.00697	0.00348	0.00871	0.00609	0.00697	0.01219
8	0.03531	0.01882	0.02720	0.02197	0.02859	0.01786	0.06196	0.08827	0.03091	0.26879	0.08967	0.11310	0.03973	0.02496	0.07331	0.00528	0.01227	0.01502	0.01136	0.01561
9	0.01864	0.01156	0.01467	0.01515	0.01775	0.01037	0.01087	0.02155	0.02517	0.09704	0.13453	0.35553	0.16545	0.02947	0.01361	0.00413	0.00658	0.02607	0.01116	0.01070
10	0.08521	0.01881	0.01723	0.01616	0.01809	0.08493	0.01137	0.02473	0.02015	0.02985	0.02928	0.04999	0.02959	0.29184	0.03447	0.00689	0.07241	0.01235	0.13721	0.00945
11	0.02489	0.01814	0.02572	0.02177	0.02716	0.01786	0.07634	0.08257	0.07562	0.09630	0.17822	0.11865	0.10307	0.02104	0.01301	0.00386	0.00933	0.06207	0.01090	0.01346
12	0.01955	0.00978	0.01466	0.01466	0.01466	0.00978	0.00978	0.01466	0.01466	0.01955	0.01955	0.03421	0.01955	0.03910	0.04399	0.67253	0.00978	0.00978	0.00489	0.00489
13	0.10138	0.03344	0.11796	0.03461	0.10900	0.07607	0.10103	0.04412	0.18699	0.04057	0.02847	0.03053	0.02167	0.01197	0.01096	0.00358	0.01344	0.01048	0.00758	0.01613
14	0.02229	0.01447	0.01560	0.01518	0.01796	0.04902	0.01138	0.02634	0.02262	0.07164	0.03638	0.09380	0.03254	0.07211	0.16723	0.00775	0.01407	0.01312	0.28565	0.01084
15	0.03328	0.08590	0.03112	0.02580	0.06697	0.09491	0.01916	0.13095	0.15053	0.09826	0.07882	0.07081	0.03402	0.01531	0.01113	0.00342	0.01128	0.01239	0.00987	0.01607
16	0.02793	0.02693	0.13136	0.02852	0.09954	0.02006	0.02275	0.03850	0.10761	0.13906	0.03898	0.15968	0.03462	0.01743	0.01169	0.00367	0.01066	0.01514	0.00926	0.05661
17	0.13829	0.02231	0.03050	0.17028	0.14446	0.02390	0.02329	0.08293	0.02660	0.08931	0.02335	0.02839	0.01788	0.01603	0.04738	0.00432	0.01316	0.00930	0.00723	0.08109
18	0.02909	0.08732	0.02699	0.01840	0.02630	0.06765	0.01485	0.03337	0.02610	0.12316	0.06577	0.08446	0.03043	0.01343	0.00985	0.00260	0.00966	0.01091	0.00845	0.31123

[dist]
# distance from previous block
# <min> <max>
0	41

[block]
# block no. 5 follows, 11 sequences, length 6
# corresponding to MSA columns:
# 291-296
name=unknown_F
#
# <colnr> <probs for GDERKNQSTAVLIFYWHMCP>
#	G	D	E	R	K	N	Q	S	T	A	V	L	I	F	Y	W	H	M	C	P
0	0.02709	0.39007	0.25379	0.02439	0.03682	0.03718	0.02819	0.03448	0.02323	0.03015	0.01747	0.02034	0.01437	0.01005	0.00861	0.00287	0.01388	0.00694	0.00479	0.01532
1	0.08149	0.02993	0.10746	0.03063	0.11692	0.08355	0.02298	0.10081	0.02874	0.04026	0.06734	0.10124	0.03179	0.02404	0.07804	0.00531	0.01470	0.01288	0.00764	0.01425
2	0.02952	0.31999	0.22576	0.02546	0.03689	0.12722	0.02755	0.03633	0.02475	0.02989	0.01755	0.02045	0.01439	0.01034	0.00895	0.00290	0.01509	0.00704	0.00496	0.01497
3	0.24129	0.12994	0.10971	0.02025	0.02929	0.02812	0.01946	0.08724	0.06321	0.04459	0.05921	0.02729	0.02287	0.01185	0.00901	0.00318	0.01067	0.00852	0.00747	0.06684
4	0.10613	0.04294	0.29572	0.03664	0.10520	0.02722	0.11375	0.07291	0.02629	0.04054	0.02077	0.02500	0.01533	0.01060	0.01079	0.00355	0.01533	0.00926	0.00582	0.01619
5	0.10794	0.18989	0.11485	0.02238	0.03107	0.03048	0.02173	0.09328	0.11173	0.04092	0.02964	0.04074	0.02580	0.01460	0.01022	0.00350	0.01160	0.07673	0.00784	0.01505

[dist]
# distance from previous block
# <min> <max>
6	58

[block]
# block no. 6 follows, 11 sequences, length 12
# corresponding to MSA columns:
# 359-370
name=unknown_G
#
# <colnr> <probs for GDERKNQSTAVLIFYWHMCP>
#	G	D	E	R	K	N	Q	S	T	A	V	L	I	F	Y	W	H	M	C	P
0	0.02504	0.02195	0.03412	0.13815	0.28110	0.02309	0.02581	0.06745	0.02501	0.03443	0.02511	0.03984	0.02335	0.16220	0.02295	0.00535	0.01294	0.01165	0.00627	0.01422
1	0.01840	0.01041	0.01506	0.01506	0.01548	0.01083	0.01028	0.01603	0.01561	0.02123	0.02390	0.04159	0.02421	0.12424	0.15400	0.44670	0.01420	0.01114	0.00539	0.00623
2	0.08340	0.02867	0.13413	0.16532	0.14266	0.02407	0.02784	0.07162	0.02661	0.03922	0.08218	0.03439	0.02730	0.01700	0.04515	0.00444	0.01399	0.01070	0.00675	0.01457
3	0.01918	0.01687	0.02551	0.08193	0.19351	0.01661	0.01985	0.02371	0.02490	0.03328	0.09919	0.19430	0.16262	0.02203	0.01267	0.00381	0.00924	0.01973	0.00852	0.01254
4	0.07343	0.01941	0.02377	0.02131	0.02577	0.02136	0.04684	0.07100	0.16196	0.03952	0.05051	0.20227	0.10000	0.02205	0.01456	0.00407	0.06052	0.01859	0.00971	0.01335
5	0.03092	0.02872	0.11007	0.10356	0.18574	0.02438	0.02750	0.06902	0.08694	0.12916	0.02830	0.03069	0.02075	0.01169	0.01095	0.00338	0.01238	0.01008	0.00803	0.06775
6	0.02592	0.02477	0.04219	0.21795	0.40048	0.02623	0.03358	0.03285	0.02471	0.03442	0.02083	0.02849	0.01700	0.01039	0.01117	0.00346	0.01385	0.01002	0.00540	0.01627
7	0.02470	0.09446	0.03358	0.02573	0.02777	0.07072	0.02142	0.02767	0.01921	0.02684	0.01849	0.02786	0.01768	0.03226	0.14755	0.00740	0.34964	0.00968	0.00522	0.01212
8	0.09686	0.01245	0.01509	0.01488	0.01640	0.01356	0.01033	0.01942	0.01706	0.02643	0.02915	0.05170	0.03026	0.28037	0.22062	0.10098	0.01705	0.01278	0.00631	0.00831
9	0.01624	0.01058	0.01226	0.01293	0.01341	0.01041	0.00787	0.01737	0.01856	0.02600	0.04239	0.20341	0.04802	0.38820	0.04040	0.00830	0.00911	0.01965	0.08702	0.00785
10	0.03582	0.03718	0.06734	0.02491	0.03132	0.25557	0.02050	0.10002	0.03130	0.09625	0.02753	0.03712	0.02337	0.06776	0.06052	0.00516	0.01705	0.03950	0.00784	0.01394
11	0.02803	0.10175	0.11926	0.04124	0.12727	0.02766	0.22391	0.03607	0.02601	0.07697	0.02588	0.03552	0.02100	0.01175	0.01185	0.00360	0.01546	0.04460	0.00648	0.01569

[dist]
# distance from previous block
# <min> <max>
0	6

[block]
# block no. 7 follows, 11 sequences, length 65
# corresponding to MSA columns:
# 377-441
name=unknown_H
#
# <colnr> <probs for GDERKNQSTAVLIFYWHMCP>
#	G	D	E	R	K	N	Q	S	T	A	V	L	I	F	Y	W	H	M	C	P
0	0.03183	0.12579	0.03650	0.14316	0.09505	0.12281	0.02282	0.07437	0.02811	0.07798	0.02162	0.02539	0.01686	0.01084	0.00989	0.00293	0.01348	0.00841	0.00674	0.12541
1	0.20317	0.09131	0.03040	0.02140	0.02844	0.07144	0.05911	0.12134	0.02777	0.04251	0.02238	0.03101	0.01967	0.11111	0.01729	0.00442	0.01206	0.00941	0.00729	0.06845
2	0.03468	0.02169	0.02384	0.02003	0.02628	0.06268	0.01585	0.08734	0.11640	0.21851	0.18831	0.05033	0.05093	0.01670	0.01184	0.00350	0.00931	0.01387	0.01212	0.01582
3	0.02774	0.09467	0.08999	0.10052	0.25614	0.07268	0.08279	0.03438	0.02477	0.03313	0.01971	0.02604	0.01626	0.01105	0.01303	0.00345	0.06307	0.00956	0.00534	0.01569
4	0.01490	0.01088	0.01401	0.01447	0.01650	0.00999	0.01038	0.01878	0.02759	0.03791	0.32342	0.27176	0.13174	0.02792	0.01367	0.00394	0.00579	0.02486	0.01152	0.00999
5	0.02937	0.02654	0.02749	0.02700	0.07564	0.07174	0.01926	0.09480	0.34303	0.04540	0.04502	0.04295	0.07103	0.01541	0.01145	0.00365	0.01035	0.01269	0.01033	0.01685
6	0.03908	0.01969	0.02380	0.01918	0.02617	0.01933	0.01552	0.12874	0.07519	0.28383	0.08072	0.04104	0.03358	0.01459	0.01088	0.00335	0.00892	0.01183	0.12777	0.01680
7	0.03640	0.01554	0.02031	0.01685	0.02279	0.01420	0.01353	0.04104	0.02860	0.31793	0.08564	0.04404	0.03536	0.02137	0.06361	0.00468	0.01006	0.01201	0.18077	0.01526
8	0.03662	0.12761	0.07684	0.08289	0.03651	0.08592	0.02152	0.04658	0.11342	0.21170	0.03206	0.03138	0.02269	0.01261	0.01046	0.00333	0.01226	0.00982	0.00930	0.01650
9	0.01685	0.01246	0.01613	0.01588	0.01650	0.01392	0.01090	0.01839	0.01739	0.02415	0.03429	0.10640	0.03772	0.35170	0.19312	0.01180	0.07131	0.01589	0.00673	0.00846
10	0.02588	0.02673	0.03232	0.02803	0.02868	0.09138	0.02280	0.02819	0.01881	0.02670	0.01681	0.02827	0.01695	0.06803	0.03564	0.00520	0.47236	0.01011	0.00518	0.01193
11	0.02948	0.02412	0.03549	0.08249	0.17566	0.02353	0.06345	0.07629	0.08258	0.08887	0.02641	0.02960	0.02016	0.01090	0.01067	0.00305	0.01173	0.00987	0.00777	0.18788
12	0.09190	0.02927	0.12988	0.09302	0.12133	0.02332	0.02601	0.08036	0.02904	0.22183	0.02925	0.03019	0.02007	0.01203	0.01078	0.00350	0.01233	0.00983	0.00896	0.01711
13	0.03070	0.02429	0.02624	0.02272	0.02903	0.02720	0.01781	0.20385	0.27060	0.05224	0.04204	0.13086	0.03587	0.01805	0.01188	0.00379	0.00971	0.01509	0.01122	0.01681
14	0.09582	0.13268	0.04011	0.08241	0.09420	0.17853	0.06416	0.07470	0.02766	0.03506	0.01866	0.02326	0.01532	0.01158	0.01211	0.00328	0.06165	0.00847	0.00602	0.01432
15	0.01486	0.01085	0.01414	0.01576	0.01749	0.01012	0.01158	0.01813	0.02479	0.03303	0.16035	0.36198	0.12853	0.03138	0.01423	0.00439	0.00685	0.10105	0.01082	0.00968
16	0.01428	0.01023	0.01356	0.01529	0.01645	0.00952	0.01049	0.01708	0.02416	0.03289	0.18031	0.46697	0.08250	0.03215	0.01409	0.00431	0.00622	0.02904	0.01094	0.00952
17	0.02576	0.01376	0.01771	0.01543	0.02008	0.01219	0.01203	0.03036	0.03090	0.19033	0.31366	0.07461	0.15528	0.02125	0.01270	0.00357	0.00665	0.01825	0.01252	0.01297
18	0.02215	0.01563	0.01883	0.01705	0.02124	0.01589	0.01309	0.03466	0.16419	0.08751	0.35513	0.06867	0.07989	0.02012	0.01261	0.00361	0.00666	0.01750	0.01226	0.01331
19	0.54415	0.02119	0.01866	0.01595	0.02330	0.02333	0.01315	0.03789	0.02204	0.15898	0.02201	0.02270	0.01565	0.01122	0.00793	0.00348	0.00890	0.00725	0.00850	0.01373
20	0.01637	0.01091	0.01228	0.01228	0.01228	0.01091	0.00682	0.01637	0.01637	0.02182	0.03546	0.07365	0.04092	0.60445	0.05729	0.01091	0.01091	0.01637	0.00682	0.00682
21	0.04197	0.03224	0.03218	0.02548	0.03387	0.08966	0.02071	0.37144	0.09143	0.10241	0.02913	0.02859	0.02075	0.01350	0.01116	0.00337	0.01269	0.01016	0.01090	0.01836
22	0.10440	0.04055	0.03126	0.02622	0.03359	0.27023	0.02066	0.24836	0.04018	0.04941	0.02159	0.02315	0.01638	0.01235	0.01034	0.00317	0.01559	0.00844	0.00838	0.01572
23	0.68395	0.02177	0.01654	0.01480	0.02177	0.02525	0.01219	0.03309	0.01915	0.05050	0.01567	0.01828	0.01219	0.01045	0.00697	0.00348	0.00871	0.00609	0.00697	0.01219
24	0.01983	0.01637	0.06460	0.01650	0.02088	0.01237	0.01394	0.02499	0.02891	0.09605	0.31476	0.16191	0.11808	0.02337	0.01300	0.00373	0.00707	0.02047	0.01137	0.01179
25	0.01604	0.01096	0.01218	0.01218	0.01259	0.01076	0.00701	0.01634	0.01738	0.02275	0.04399	0.07742	0.09394	0.54197	0.05252	0.01014	0.01035	0.01717	0.00721	0.00711
26	0.24495	0.07606	0.02461	0.06979	0.02829	0.02420	0.01668	0.03103	0.06476	0.03923	0.07958	0.04116	0.03125	0.02303	0.07367	0.00534	0.05866	0.04778	0.00757	0.01237
27	0.01368	0.00994	0.01291	0.01530	0.01623	0.00917	0.01028	0.01571	0.02191	0.02888	0.06658	0.55436	0.11425	0.03467	0.01427	0.00450	0.00646	0.03128	0.01045	0.00917
28	0.01946	0.01642	0.02373	0.02195	0.02307	0.02110	0.01753	0.02217	0.01749	0.02593	0.02370	0.03629	0.02259	0.05721	0.32756	0.06794	0.22883	0.01107	0.00553	0.01044
29	0.02590	0.10188	0.37044	0.03290	0.04727	0.02908	0.11413	0.08009	0.02697	0.03828	0.02087	0.02467	0.01522	0.01066	0.01087	0.00348	0.01620	0.00912	0.00555	0.01643
30	0.01497	0.01091	0.01433	0.01636	0.01801	0.01027	0.01220	0.01813	0.02397	0.03155	0.10632	0.38197	0.12406	0.03244	0.01446	0.00456	0.00731	0.13798	0.01059	0.00961
31	0.02334	0.02001	0.02334	0.01667	0.02667	0.01500	0.01334	0.02834	0.02334	0.03668	0.02001	0.02334	0.01667	0.00834	0.00834	0.00167	0.00834	0.00667	0.00667	0.67325
32	0.03084	0.35875	0.13239	0.02352	0.03337	0.03880	0.02380	0.12282	0.02834	0.03662	0.01852	0.02128	0.01535	0.01140	0.01108	0.00300	0.06101	0.00751	0.00606	0.01553
33	0.01632	0.01098	0.01259	0.01249	0.01279	0.01088	0.00725	0.01691	0.01811	0.02444	0.09077	0.07482	0.04824	0.53920	0.05235	0.01008	0.01028	0.01682	0.00744	0.00725
34	0.03554	0.02990	0.02603	0.02256	0.02894	0.17254	0.01756	0.08456	0.15843	0.14353	0.08211	0.04309	0.07472	0.01560	0.01135	0.00343	0.01196	0.01226	0.01035	0.01555
35	0.02283	0.02024	0.06202	0.01849	0.02300	0.06550	0.01535	0.02719	0.02462	0.07589	0.04463	0.25115	0.04601	0.02263	0.01192	0.00373	0.00933	0.06796	0.12073	0.06678
36	0.01388	0.01113	0.01240	0.01270	0.01571	0.00965	0.00929	0.01704	0.02611	0.03293	0.18417	0.19172	0.36638	0.02867	0.01349	0.00389	0.00578	0.02459	0.01082	0.00965
37	0.02497	0.02565	0.04021	0.03276	0.03481	0.03339	0.10881	0.02870	0.01891	0.02870	0.01621	0.02565	0.01519	0.01787	0.03269	0.00472	0.48240	0.01047	0.00506	0.01283
38	0.02982	0.02715	0.03115	0.02908	0.07416	0.08371	0.06292	0.13101	0.20273	0.04459	0.03763	0.12854	0.03306	0.01694	0.01191	0.00372	0.01172	0.01472	0.00960	0.01584
39	0.01371	0.00979	0.01306	0.01567	0.01632	0.00914	0.01045	0.01567	0.02155	0.02873	0.06203	0.59710	0.07444	0.03526	0.01437	0.00457	0.00653	0.03200	0.01045	0.00914
40	0.04045	0.03028	0.03378	0.08573	0.03953	0.03383	0.02246	0.44594	0.04962	0.06636	0.02626	0.02735	0.01869	0.01327	0.01126	0.00342	0.01267	0.01012	0.01058	0.01842
41	0.01451	0.01157	0.01307	0.01306	0.01642	0.01014	0.01003	0.01828	0.02747	0.03496	0.22858	0.10304	0.36460	0.02716	0.01350	0.00385	0.00602	0.06283	0.01100	0.00990
42	0.16448	0.02864	0.02988	0.02331	0.03190	0.03153	0.01925	0.37184	0.04480	0.10689	0.02635	0.02633	0.01857	0.01297	0.01045	0.00341	0.01145	0.00947	0.01067	0.01783
43	0.02923	0.14512	0.10520	0.12626	0.05055	0.07403	0.19457	0.03665	0.02578	0.07497	0.02202	0.02703	0.01661	0.01050	0.01106	0.00339	0.01602	0.01011	0.00601	0.01490
44	0.02606	0.03552	0.17358	0.03217	0.04126	0.07452	0.14611	0.07177	0.02674	0.03598	0.02611	0.03896	0.02249	0.02195	0.07571	0.00547	0.06581	0.05902	0.00641	0.01436
45	0.02801	0.02642	0.03477	0.15169	0.20979	0.06976	0.02592	0.07283	0.06997	0.03801	0.02301	0.02790	0.01828	0.01081	0.01054	0.00309	0.01279	0.00935	0.00668	0.15038
46	0.01380	0.01128	0.01219	0.01226	0.01558	0.00967	0.00908	0.01701	0.02640	0.03286	0.18274	0.14603	0.41574	0.02811	0.01339	0.00382	0.00570	0.02386	0.01079	0.00967
47	0.03551	0.12828	0.03856	0.02612	0.03447	0.08082	0.07092	0.17474	0.16402	0.08768	0.03017	0.03015	0.02246	0.01275	0.01075	0.00334	0.01262	0.01030	0.00933	0.01701
48	0.03636	0.02510	0.02776	0.02311	0.03063	0.02752	0.01850	0.17309	0.29717	0.15214	0.04062	0.03734	0.02908	0.01454	0.01138	0.00364	0.00995	0.01177	0.01190	0.01843
49	0.02545	0.01349	0.01797	0.01596	0.02012	0.01215	0.01227	0.03017	0.03096	0.18351	0.34695	0.12076	0.08107	0.02164	0.01283	0.00362	0.00663	0.01893	0.01264	0.01288
50	0.03893	0.01899	0.02383	0.01935	0.02628	0.01786	0.01554	0.12239	0.03410	0.31578	0.09070	0.10880	0.08019	0.01825	0.01198	0.00362	0.00904	0.01524	0.01264	0.01649
51	0.01583	0.01107	0.01304	0.01281	0.01446	0.01036	0.00857	0.01741	0.02258	0.02986	0.18303	0.08079	0.17805	0.24608	0.03326	0.07897	0.00801	0.01855	0.00898	0.00828
52	0.04211	0.05180	0.03205	0.02874	0.03480	0.51550	0.02172	0.08264	0.03365	0.03117	0.01820	0.02086	0.01489	0.01176	0.01024	0.00294	0.01964	0.00749	0.00625	0.01356
53	0.03297	0.08088	0.07554	0.02265	0.03098	0.02258	0.06178	0.11255	0.03058	0.16836	0.03360	0.09223	0.02715	0.01449	0.01072	0.00326	0.01083	0.01228	0.08332	0.07325
54	0.02991	0.02445	0.02721	0.07069	0.03374	0.02789	0.01925	0.16243	0.31557	0.04992	0.04026	0.08360	0.03225	0.01616	0.01163	0.00377	0.01010	0.01345	0.01077	0.01696
55	0.68395	0.02177	0.01654	0.01480	0.02177	0.02525	0.01219	0.03309	0.01915	0.05050	0.01567	0.01828	0.01219	0.01045	0.00697	0.00348	0.00871	0.00609	0.00697	0.01219
56	0.02887	0.27797	0.26472	0.02644	0.03845	0.12381	0.02932	0.03645	0.02478	0.03062	0.01791	0.02090	0.01437	0.01042	0.00922	0.00299	0.01542	0.00722	0.00495	0.01515
57	0.01955	0.00978	0.01466	0.01466	0.01466	0.00978	0.00978	0.01466	0.01466	0.01955	0.01955	0.03421	0.01955	0.03910	0.04399	0.67253	0.00978	0.00978	0.00489	0.00489
58	0.01393	0.01012	0.01315	0.01515	0.01629	0.00934	0.01031	0.01634	0.02304	0.03071	0.11859	0.49971	0.11509	0.03334	0.01416	0.00439	0.00633	0.03002	0.01067	0.00934
59	0.04568	0.01895	0.02514	0.01978	0.02778	0.01703	0.01616	0.05247	0.07357	0.45800	0.08494	0.04245	0.03496	0.01480	0.01149	0.00352	0.00916	0.01219	0.01359	0.01833
60	0.01569	0.01090	0.01254	0.01274	0.01349	0.01053	0.00778	0.01674	0.01945	0.02578	0.09459	0.13716	0.10401	0.42191	0.04345	0.00872	0.00931	0.01931	0.00816	0.00774
61	0.61287	0.02147	0.01762	0.01539	0.02255	0.02427	0.01268	0.03553	0.02062	0.10565	0.01890	0.02053	0.01395	0.01084	0.00745	0.00348	0.00880	0.00668	0.00775	0.01297
62	0.03158	0.01906	0.02048	0.01703	0.02255	0.02010	0.01364	0.20414	0.03526	0.09450	0.03374	0.03608	0.02514	0.01333	0.00942	0.00298	0.00827	0.01043	0.36782	0.01444
63	0.11007	0.02380	0.02950	0.08790	0.07766	0.02504	0.02060	0.16234	0.07662	0.22368	0.03223	0.03173	0.02219	0.01293	0.01082	0.00350	0.01108	0.01031	0.01056	0.01742
64	0.08520	0.02836	0.09397	0.09757	0.26493	0.02538	0.02901	0.07783	0.02809	0.12522	0.02493	0.02852	0.01850	0.01122	0.01080	0.00345	0.01279	0.00974	0.00745	0.01706

[dist]
# distance from previous block
# <min> <max>
0	2

[block]
# block no. 8 follows, 11 sequences, length 158
# corresponding to MSA columns:
# 444-601
name=unknown_I
#
# <colnr> <probs for GDERKNQSTAVLIFYWHMCP>
#	G	D	E	R	K	N	Q	S	T	A	V	L	I	F	Y	W	H	M	C	P
0	0.01550	0.01179	0.01448	0.01618	0.01787	0.01159	0.01120	0.02137	0.08493	0.03124	0.06509	0.47782	0.11427	0.03204	0.01389	0.00440	0.00675	0.02872	0.01058	0.01029
1	0.60292	0.02143	0.01777	0.01547	0.02266	0.02414	0.01275	0.03587	0.02083	0.11337	0.01935	0.02085	0.01419	0.01089	0.00752	0.00348	0.00882	0.00676	0.00786	0.01308
2	0.02657	0.03036	0.06641	0.04744	0.05882	0.02846	0.49336	0.03605	0.02657	0.03605	0.02277	0.03036	0.01708	0.00949	0.01328	0.00380	0.01898	0.01328	0.00569	0.01518
3	0.01371	0.00979	0.01306	0.01567	0.01632	0.00914	0.01045	0.01567	0.02155	0.02873	0.06203	0.59710	0.07444	0.03526	0.01437	0.00457	0.00653	0.03200	0.01045	0.00914
4	0.01400	0.01001	0.01331	0.01548	0.01639	0.00933	0.01047	0.01638	0.02287	0.03083	0.12168	0.53148	0.07850	0.03369	0.01423	0.00444	0.00637	0.03051	0.01070	0.00933
5	0.01593	0.01150	0.01504	0.01416	0.01681	0.01062	0.01062	0.02124	0.03186	0.04513	0.52830	0.08407	0.10620	0.02301	0.01327	0.00354	0.00531	0.02035	0.01239	0.01062
6	0.01923	0.00998	0.01497	0.01497	0.01516	0.01017	0.01017	0.01516	0.01497	0.02015	0.02052	0.03512	0.02033	0.04323	0.09099	0.61290	0.01163	0.00998	0.00499	0.00536
7	0.02335	0.11558	0.49560	0.03075	0.04666	0.02805	0.03927	0.03544	0.02367	0.03469	0.01973	0.02317	0.01428	0.01058	0.01033	0.00344	0.01616	0.00808	0.00476	0.01641
8	0.01955	0.00978	0.01466	0.01466	0.01466	0.00978	0.00978	0.01466	0.01466	0.01955	0.01955	0.03421	0.01955	0.03910	0.04399	0.67253	0.00978	0.00978	0.00489	0.00489
9	0.02512	0.02755	0.05754	0.19139	0.06390	0.02752	0.36784	0.03407	0.02546	0.03407	0.02202	0.03026	0.01651	0.00997	0.01273	0.00378	0.01790	0.01239	0.00550	0.01445
10	0.04125	0.03076	0.03291	0.02559	0.03432	0.03419	0.02102	0.45139	0.10073	0.06846	0.02897	0.02858	0.02072	0.01369	0.01128	0.00342	0.01202	0.01040	0.01128	0.01900
11	0.02257	0.05822	0.54613	0.03208	0.04871	0.02614	0.04158	0.03564	0.02376	0.03564	0.02020	0.02376	0.01426	0.01069	0.01069	0.00356	0.01663	0.00832	0.00475	0.01663
12	0.03723	0.02944	0.03477	0.02722	0.03576	0.03242	0.06705	0.33431	0.17367	0.06111	0.03163	0.03136	0.02301	0.01358	0.01151	0.00354	0.01211	0.01114	0.01076	0.01839
13	0.01608	0.01206	0.01809	0.01809	0.02010	0.01407	0.01407	0.02010	0.01809	0.02613	0.03015	0.04422	0.02814	0.08441	0.55984	0.01809	0.03015	0.01206	0.00603	0.01005
14	0.01449	0.01145	0.01305	0.01265	0.01593	0.01001	0.00949	0.01846	0.02847	0.03708	0.30169	0.09734	0.33784	0.02602	0.01329	0.00368	0.00552	0.02221	0.01133	0.01001
15	0.01472	0.01051	0.01421	0.01682	0.01791	0.01001	0.01219	0.01741	0.02254	0.02985	0.06148	0.49053	0.07225	0.03432	0.01463	0.00471	0.00740	0.12867	0.01043	0.00942
16	0.02786	0.02674	0.04568	0.06908	0.53424	0.02674	0.03454	0.03454	0.02563	0.03677	0.02117	0.02786	0.01783	0.01003	0.01114	0.00334	0.01337	0.01003	0.00557	0.01783
17	0.02657	0.03036	0.06641	0.04744	0.05882	0.02846	0.49336	0.03605	0.02657	0.03605	0.02277	0.03036	0.01708	0.00949	0.01328	0.00380	0.01898	0.01328	0.00569	0.01518
18	0.02657	0.03036	0.06641	0.04744	0.05882	0.02846	0.49336	0.03605	0.02657	0.03605	0.02277	0.03036	0.01708	0.00949	0.01328	0.00380	0.01898	0.01328	0.00569	0.01518
19	0.60292	0.02143	0.01777	0.01547	0.02266	0.02414	0.01275	0.03587	0.02083	0.11337	0.01935	0.02085	0.01419	0.01089	0.00752	0.00348	0.00882	0.00676	0.00786	0.01308
20	0.02462	0.02462	0.03447	0.02955	0.02955	0.03447	0.02462	0.02709	0.01724	0.02709	0.01477	0.02462	0.01477	0.01970	0.03694	0.00492	0.58385	0.00985	0.00492	0.01231
21	0.02221	0.01617	0.02010	0.01831	0.02138	0.01795	0.01380	0.12714	0.02553	0.03514	0.03085	0.04814	0.02950	0.20658	0.30190	0.01285	0.02101	0.01277	0.00743	0.01125
22	0.02390	0.12905	0.02804	0.01957	0.02327	0.06614	0.01549	0.07104	0.02358	0.03036	0.02984	0.11019	0.03073	0.14169	0.15094	0.00831	0.06593	0.01351	0.00692	0.01149
23	0.03159	0.32688	0.09717	0.09368	0.03867	0.03766	0.02357	0.15634	0.03090	0.03949	0.01968	0.02253	0.01575	0.01097	0.00915	0.00295	0.01296	0.00785	0.00655	0.01566
24	0.01722	0.01326	0.01627	0.01699	0.02029	0.01289	0.01392	0.02417	0.07140	0.03606	0.16068	0.10587	0.20529	0.02740	0.01410	0.00435	0.00794	0.21020	0.01086	0.01084
25	0.03554	0.04101	0.02852	0.02589	0.03162	0.34846	0.01962	0.04770	0.18317	0.03509	0.06736	0.03223	0.02810	0.01367	0.01081	0.00324	0.01552	0.01002	0.00810	0.01435
26	0.03148	0.01966	0.02191	0.01870	0.02457	0.02084	0.01481	0.11973	0.17579	0.13595	0.07761	0.04212	0.03473	0.01474	0.01052	0.00333	0.00829	0.01201	0.19757	0.01563
27	0.01999	0.01284	0.01587	0.01582	0.01893	0.01206	0.01156	0.02562	0.06842	0.09925	0.15182	0.29694	0.15243	0.02737	0.01333	0.00404	0.00676	0.02409	0.01133	0.01151
